238|1|76|0|49|53|49|51|0|65|83|76|49|51|57|32|32|0|144|5|0|0|149|1|0|0|0|1|0|0|0|4|0|0|0|0|0|0|0|0|0|0|0|0|0|0|0|0|0|0|28|0|0|0|255|255|255| ** 57
Hex , Squawk, Flight, alt , pres alt, speed, course, vert_rate, lat , lon , air_type
-------------------------------------------------------------------------------------

4C01EE,1513,ASL139  ,1424,1424,405,256,1024,0.000000,0.000000,9
238|1|76|0|49|53|49|51|0|65|83|76|49|51|57|32|32|0|144|5|0|0|149|1|0|0|0|1|0|0|0|4|0|0|0|0|0|0|0|0|0|0|0|0|0|0|0|0|0|0|28|0|0|0|255|255|255| ** 57
Hex , Squawk, Flight, alt , pres alt, speed, course, vert_rate, lat , lon , air_type
-------------------------------------------------------------------------------------

4C01EE,1513,ASL139  ,1424,1424,405,256,1024,0.000000,0.000000,9
238|1|76|0|49|53|49|51|0|65|83|76|49|51|57|32|32|0|144|5|0|0|149|1|0|0|0|1|0|0|0|4|0|0|0|0|0|0|0|0|0|0|0|0|0|0|0|0|0|0|29|0|0|0|255|255|255| ** 57
Hex , Squawk, Flight, alt , pres alt, speed, course, vert_rate, lat , lon , air_type
-------------------------------------------------------------------------------------

4C01EE,1513,ASL139  ,1424,1424,405,256,1024,0.000000,0.000000,9
238|1|76|0|49|53|49|51|0|65|83|76|49|51|57|32|32|0|144|5|0|0|149|1|0|0|0|1|0|0|0|4|0|0|0|0|0|0|0|0|0|0|0|0|0|0|0|0|0|0|29|0|0|0|255|255|255| ** 57
Hex , Squawk, Flight, alt , pres alt, speed, course, vert_rate, lat , lon , air_type
-------------------------------------------------------------------------------------

4C01EE,1513,ASL139  ,1424,1424,405,256,1024,0.000000,0.000000,9
238|1|76|0|49|53|49|51|0|65|83|76|49|51|57|32|32|0|144|5|0|0|149|1|0|0|0|1|0|0|0|4|0|0|0|0|0|0|0|0|0|0|0|0|0|0|0|0|0|0|29|0|0|0|255|255|255| ** 57
Hex , Squawk, Flight, alt , pres alt, speed, course, vert_rate, lat , lon , air_type
-------------------------------------------------------------------------------------

4C01EE,1513,ASL139  ,1424,1424,405,256,1024,0.000000,0.000000,9
238|1|76|0|49|53|49|51|0|65|83|76|49|51|57|32|32|0|144|5|0|0|149|1|0|0|0|1|0|0|0|4|0|0|0|0|0|0|0|0|0|0|0|0|0|0|0|0|0|0|29|0|0|0|255|255|255| ** 57
Hex , Squawk, Flight, alt , pres alt, speed, course, vert_rate, lat , lon , air_type
-------------------------------------------------------------------------------------

4C01EE,1513,ASL139  ,1424,1424,405,256,1024,0.000000,0.000000,9
