$PFLAA,0,-951,4171,-2000,1,3BC7C8!T_3BC7C8,110,,283,0.0,1*77
$PFLAU,6,1,0,1,0,103,2,-2000,4279,3BC7C8*21
$FLYRF,01C2C8,1110,TEST001,3000,3000,0,0,0,55.955009,37.231659,9,1,0,0*5C
$PGRMZ,9843,f,1*2F
$PFLAA,0,8043,6749,1542,1,0F1111!AFL1111,220,,250,10.0,1*43
$PFLAA,0,5250,9093,3875,1,0F2222!AFL2222,240,,250,10.0,1*4C
$PFLAA,0,1823,10340,3792,1,0F3333!AFL3333,260,,250,-10.0,1*5A
$PFLAA,0,-1824,10341,1458,1,0F4444!AFL4444,280,,250,-10.0,1*78
$PFLAA,0,-5250,9093,-875,1,0F5555!AFL5555,300,,250,-10.0,1*57
$PFLAA,0,-1086,4519,-1975,1,3BC7C8!T_3BC7C8,110,,283,0.0,1*47
$PFLAU,6,1,0,1,0,104,2,-1975,4647,3BC7C8*27
$FLYRF,01C2C8,1110,TEST001,3000,3000,0,0,0,55.955009,37.231659,9,1,0,0*5C
$PGRMZ,9843,f,1*2F
$PFLAA,0,7660,6428,1552,1,0F1111!AFL1111,220,,250,10.0,1*4E
$PFLAA,0,5000,8660,3885,1,0F2222!AFL2222,240,,250,10.0,1*4F
$PFLAA,0,1737,9848,3781,1,0F3333!AFL3333,260,,250,-10.0,1*69
$PFLAA,0,-1736,9848,1448,1,0F4444!AFL4444,280,,250,-10.0,1*4F
$PFLAA,0,-5000,8660,-885,1,0F5555!AFL5555,300,,250,-10.0,1*54
$PFLAA,0,-1086,4519,-1975,1,3BC7C8!T_3BC7C8,110,,283,0.0,1*47
$PFLAU,6,1,0,1,0,104,2,-1975,4647,3BC7C8*27
$FLYRF,01C2C8,1110,TEST001,3000,3000,0,0,0,55.955009,37.231659,9,1,0,0*5C
$PGRMZ,9843,f,1*2F
$PFLAA,0,7660,6428,1562,1,0F1111!AFL1111,220,,250,10.0,1*4D
$PFLAA,0,5000,8660,3896,1,0F2222!AFL2222,240,,250,10.0,1*4D
$PFLAA,0,1737,9848,3771,1,0F3333!AFL3333,260,,250,-10.0,1*66
$PFLAA,0,-1736,9848,1438,1,0F4444!AFL4444,280,,250,-10.0,1*48
$PFLAA,0,-5000,8660,-896,1,0F5555!AFL5555,300,,250,-10.0,1*56
$PFLAA,0,-1220,4864,-1950,1,3BC7C8!T_3BC7C8,110,,283,0.0,1*49
$PFLAU,6,1,0,1,0,104,2,-1950,5015,3BC7C8*20
$FLYRF,01C2C8,1110,TEST001,3000,3000,0,0,0,55.955009,37.231659,9,1,0,0*5C
$PGRMZ,9843,f,1*2F
$PFLAA,0,7277,6106,1573,1,0F1111!AFL1111,220,,250,10.0,1*46
$PFLAA,0,4750,8227,3906,1,0F2222!AFL2222,240,,250,10.0,1*41
$PFLAA,0,1650,9356,3761,1,0F3333!AFL3333,260,,250,-10.0,1*63
$PFLAA,0,-1649,9356,1428,1,0F4444!AFL4444,280,,250,-10.0,1*44
$PFLAA,0,-4750,8227,-906,1,0F5555!AFL5555,300,,250,-10.0,1*5A
$PFLAA,0,-1220,4864,-1950,1,3BC7C8!T_3BC7C8,110,,283,0.0,1*49
$PFLAU,6,1,0,1,0,104,2,-1950,5015,3BC7C8*20
$FLYRF,01C2C8,1110,TEST001,3000,3000,0,0,0,55.955009,37.231659,9,1,0,0*5C
$PGRMZ,9843,f,1*2F
$PFLAA,0,7277,6106,1583,1,0F1111!AFL1111,220,,250,10.0,1*49
$PFLAA,0,4750,8227,3916,1,0F2222!AFL2222,240,,250,10.0,1*40
$PFLAA,0,1650,9356,3751,1,0F3333!AFL3333,260,,250,-10.0,1*60
$PFLAA,0,-1649,9356,1417,1,0F4444!AFL4444,280,,250,-10.0,1*48
$PFLAA,0,-4750,8227,-916,1,0F5555!AFL5555,300,,250,-10.0,1*5B
$PFLAA,0,-1220,4864,-1950,1,3BC7C8!T_3BC7C8,110,,283,0.0,1*49
$PFLAU,6,1,0,1,0,104,2,-1950,5015,3BC7C8*20
$FLYRF,01C2C8,1110,TEST001,3000,3000,0,0,0,55.955009,37.231659,9,1,0,0*5C
$PGRMZ,9843,f,1*2F
$PFLAA,0,6894,5785,1593,1,0F1111!AFL1111,220,,250,10.0,1*40
$PFLAA,0,4500,7794,3926,1,0F2222!AFL2222,240,,250,10.0,1*46
$PFLAA,0,1563,8863,3740,1,0F3333!AFL3333,260,,250,-10.0,1*6F
$PFLAA,0,-1563,8863,1407,1,0F4444!AFL4444,280,,250,-10.0,1*4E
$PFLAA,0,-4500,7794,-926,1,0F5555!AFL5555,300,,250,-10.0,1*5D
$PFLAA,0,-1355,5211,-1925,1,3BC7C8!T_3BC7C8,110,,283,0.0,1*41
$PFLAU,6,1,0,1,0,105,2,-1925,5385,3BC7C8*29
$FLYRF,01C2C8,1110,TEST001,3000,3000,0,0,0,55.955009,37.231659,9,1,0,0*5C
$PGRMZ,9843,f,1*2F
$PFLAA,0,6894,5785,1603,1,0F1111!AFL1111,220,,250,10.0,1*4A
$PFLAA,0,4500,7794,3937,1,0F2222!AFL2222,240,,250,10.0,1*46
$PFLAA,0,1563,8863,3730,1,0F3333!AFL3333,260,,250,-10.0,1*68
$PFLAA,0,-1563,8863,1397,1,0F4444!AFL4444,280,,250,-10.0,1*40
$PFLAA,0,-4500,7794,-937,1,0F5555!AFL5555,300,,250,-10.0,1*5D
$PFLAA,0,-1490,5558,-1900,1,3BC7C8!T_3BC7C8,110,,283,0.0,1*42
$PFLAU,6,1,0,1,0,105,2,-1900,5755,3BC7C8*27
$FLYRF,01C2C8,1110,TEST001,3000,3000,0,0,0,55.955009,37.231659,9,1,0,0*5C
$PGRMZ,9843,f,1*2F
$PFLAA,0,6511,5464,1613,1,0F1111!AFL1111,220,,250,10.0,1*47
$PFLAA,0,4250,7361,3947,1,0F2222!AFL2222,240,,250,10.0,1*4D
$PFLAA,0,1476,8371,3720,1,0F3333!AFL3333,260,,250,

$PFLAA,0,-2250,-3897,4477,1,0F2222!AFL2222,240,,250,10.0,1*44
$PFLAA,0,-782,-4432,3189,1,0F3333!AFL3333,260,,250,-10.0,1*54
$PFLAA,0,782,-4432,856,1,0F4444!AFL4444,280,,250,-10.0,1*4F
$PFLAA,0,2250,-3897,-1477,1,0F5555!AFL5555,300,,250,-10.0,1*69
$PFLAA,0,452,4676,-1900,1,3BC7C8!T_3BC7C8,70,,283,0.0,1*69
$PFLAU,6,1,0,1,0,-60,2,-1477,4500,0F5555*3E
$FLYRF,01C2C8,1110,TEST001,3000,3000,0,0,0,55.955009,37.231659,9,1,0,0*5C
$PGRMZ,9843,f,1*2F
$PFLAA,0,-3830,-3214,2154,1,0F1111!AFL1111,220,,250,10.0,1*4C
$PFLAA,0,-2500,-4330,4487,1,0F2222!AFL2222,240,,250,10.0,1*48
$PFLAA,0,-868,-4924,3179,1,0F3333!AFL3333,260,,250,-10.0,1*5A
$PFLAA,0,868,-4924,846,1,0F4444!AFL4444,280,,250,-10.0,1*4F
$PFLAA,0,2500,-4330,-1487,1,0F5555!AFL5555,300,,250,-10.0,1*65
$PFLAA,0,722,5368,-1850,1,3BC7C8!T_3BC7C8,70,,283,0.0,1*62
$PFLAU,6,1,0,1,0,-80,2,846,5000,0F4444*26
$FLYRF,01C2C8,1110,TEST001,3000,3000,0,0,0,55.955009,37.231659,9,1,0,0*5C
$PGRMZ,9843,f,1*2F
$PFLAA,0,-3830,-3214,2165,1,0F1111!AFL1111,220,,250,10.0,1*4E
$PFLAA,0,-2500,-4330,4498,1,0F2222!AFL2222,240,,250,10.0,1*46
$PFLAA,0,-868,-4924,3169,1,0F3333!AFL3333,260,,250,-10.0,1*5B
$PFLAA,0,868,-4924,835,1,0F4444!AFL4444,280,,250,-10.0,1*4B
$PFLAA,0,2500,-4330,-1498,1,0F5555!AFL5555,300,,250,-10.0,1*6B
$PFLAA,0,722,5368,-1850,1,3BC7C8!T_3BC7C8,70,,283,0.0,1*62
$PFLAU,6,1,0,1,0,-80,2,835,5000,0F4444*22
$FLYRF,01C2C8,1110,TEST001,3000,3000,0,0,0,55.955009,37.231659,9,1,0,0*5C
$PGRMZ,9843,f,1*2F
$PFLAA,0,-4213,-3535,2175,1,0F1111!AFL1111,220,,250,10.0,1*47
$PFLAA,0,-2750,-4763,4508,1,0F2222!AFL2222,240,,250,10.0,1*4B
$PFLAA,0,-955,-5416,3159,1,0F3333!AFL3333,260,,250,-10.0,1*5A
$PFLAA,0,955,-5416,825,1,0F4444!AFL4444,280,,250,-10.0,1*48
$PFLAA,0,2750,-4763,-1508,1,0F5555!AFL5555,300,,250,-10.0,1*66
$PFLAA,0,858,5715,-1875,1,3BC7C8!T_3BC7C8,70,,283,0.0,1*69
$PFLAU,6,1,0,1,0,-120,2,4508,5500,0F2222*2B
$FLYRF,01C2C8,1110,TEST001,3000,3000,0,0,0,55.955009,37.231659,9,1,0,0*5C
$PGRMZ,9843,f,1*2F
$PFLAA,0,-4213,-3535,2185,1,0F1111!AFL1111,220,,250,10.0,1*48
$PFLAA,0,-2750,-4763,4518,1,0F2222!AFL2222,240,,250,10.0,1*4A
$PFLAA,0,-955,-5416,3148,1,0F3333!AFL3333,260,,250,-10.0,1*5A
$PFLAA,0,955,-5416,815,1,0F4444!AFL4444,280,,250,-10.0,1*4B
$PFLAA,0,2750,-4763,-1518,1,0F5555!AFL5555,300,,250,-10.0,1*67
$PFLAA,0,858,5715,-1875,1,3BC7C8!T_3BC7C8,70,,283,0.0,1*69
$PFLAU,6,1,0,1,0,-120,2,4518,5500,0F2222*2A
$FLYRF,01C2C8,1110,TEST001,3000,3000,0,0,0,55.955009,37.231659,9,1,0,0*5C
$PGRMZ,9843,f,1*2F
$PFLAA,0,-4596,-3857,2195,1,0F1111!AFL1111,220,,250,10.0,1*4A
$PFLAA,0,-3000,-5196,4528,1,0F2222!AFL2222,240,,250,10.0,1*47
$PFLAA,0,-1042,-5909,3138,1,0F3333!AFL3333,260,,250,-10.0,1*60
$PFLAA,0,1042,-5909,805,1,0F4444!AFL4444,280,,250,-10.0,1*77
$PFLAA,0,3000,-5196,-1528,1,0F5555!AFL5555,300,,250,-10.0,1*6A
$PFLAA,0,993,6062,-1900,1,3BC7C8!T_3BC7C8,70,,283,0.0,1*68
$PFLAU,6,1,0,1,0,-60,2,-1528,6000,0F5555*32
$FLYRF,01C2C8,1110,TEST001,3000,3000,0,0,0,55.955009,37.231659,9,1,0,0*5C
$PGRMZ,9843,f,1*2F
$PFLAA,0,-4596,-3857,2205,1,0F1111!AFL1111,220,,250,10.0,1*40
$PFLAA,0,-3000,-5196,4539,1,0F2222!AFL2222,240,,250,10.0,1*47
$PFLAA,0,-1042,-5909,3128,1,0F3333!AFL3333,260,,250,-10.0,1*61
$PFLAA,0,1042,-5909,795,1,0F4444!AFL4444,280,,250,-10.0,1*71
$PFLAA,0,3000,-5196,-1539,1,0F5555!AFL5555,300,,250,-10.0,1*6A
$PFLAA,0,993,6062,-1900,1,3BC7C8!T_3BC7C8,70,,283,0.0,1*68
$PFLAU,6,1,0,1,0,-60,2,-1539,6000,0F5555*32
$FLYRF,01C2C8,1110,TEST001,3000,3000,0,0,0,55.955009,37.231659,9,1,0,0*5C
$PGRMZ,9843,f,1*2F
$PFLAA,0,-4979,-4178,2215,1,0F1111!AFL1111,220,,250,10.0,1*4F
$PFLAA,0,-3250,-5629,4549,1,0F2222!AFL2222,240,,250,10.0,1*44
$PFLAA,0,-1129,-6401,3118,1,0F3333!AFL3333,260,,250,-10.0,1*68
$PFLAA,0,1129,-6401,785,1,0F4444!AFL4444,280,,250,-10.0,1*7A
$PFLAA,0,3250,-5629,-1549,1,0F5555!AFL5555,300,,250,-10.0,1*69
$PFLAA,0,1129,6406,-1925,1,3BC7C8!T_3BC7C8,70,,283,0.0,1*51
$PFLAU,6,1,0,1,0,-60,2,-1549,6500,0F5555*30
$FLYRF,01C2C8,1110,TEST001,3000,3000,0,0,0,55.955009,37.231659,9,1,0,0*5C
$PGRMZ,9843,f,1*2F
$PFLAA,0,-4979,-4178,2226,1,0F1111!AFL1111,220,,250,10.0,1*4F
$PFLAA,0,-3250,-5629,4559,1,0F2222!AFL2222,240,,250,10.0,1*45
$PFLAA,0,-1129,-6401,3108,1,0F3333!AFL3333,260,,250,-10.0,1*69
$PFLAA,0,1129,-6401,774,1,0F4444!AFL4444,280,,250,-10.0,1*74
$PFLAA,0,3250,-5629,-1559,1,0F5555!AFL5555,300,,250,-10.0,1*68
$PFLAA,0,1129,6406,-1925,1,3BC7C8!T_3BC7C8,70,,283,0.0,1*51
$PFLAU,6,1,0,1,0,-60,2,-1559,6500,0F5555*31
$FLYRF,01C2C8,1110,TEST001,3000,3000,0,0,0,55.955009,37.231659,9,1,0,0*5C
$PGRMZ,9843,f,1*2F
$PFLAA,0,-5362,-4500,2236,1,0F1111!AFL1111,220,,250,10.0,1*44
$PFLAA,0,-3500,-6062,4569,1,0F2222!AFL2222,240,,250,10.0,1*4E
$PFLAA,0,-1216,-6894,3097,1,0F3333!AFL3333,260,,250,-10.0,1*61
$PFLAA,0,1216,-6894,764,1,0F4444!AFL4444,280,,250,-10.0,1*7A
$PFLAA,0,3500,-6062,-1569,1,0F5555!AFL5555,300,,250,-10.0,1*63
$PFLAA,0,1129,6406,-1925,1,3BC7C8!T_3BC7C8,70,,283,0.0,1*51
$PFLAU,6,1,0,1,0,80,2,-1925,6505,3BC7C8*18
$FLYRF,01C2C8,1110,TEST001,3000,3000,0,0,0,55.955009,37.231659,9,1,0,0*5C
$PGRMZ,9843,f,1*2F
$PFLAA,0,-5362,-4500,2246,1,0F1111!AFL1111,220,,250,10.0,1*43
$PFLAA,0,-3500,-6062,4579,1,0F2222!AFL2222,240,,250,10.0,1*4F
$PFLAA,0,-1216,-6894,3087,1,0F3333!AFL3333,260,,250,-10.0,1*60
$PFLAA,0,1216,-6894,754,1,0F4444!AFL4444,280,,250,-10.0,1*79
$PFLAA,0,3500,-6062,-1579,1,0F5555!AFL5555,300,,250,-10.0,1*62
$PFLAA,0,1264,6753,-1950,1,3BC7C8!T_3BC7C8,70,,283,0.0,1*5A
$PFLAU,6,1,0,1,0,79,2,-1950,6870,3BC7C8*13
$FLYRF,01C2C8,1110,TEST001,3000,3000,0,0,0,55.955009,37.231659,9,1,0,0*5C
$PGRMZ,9843,f,1*2F
$PFLAA,0,-5745,-4821,2256,1,0F1111!AFL1111,220,,250,10.0,1*4D
$PFLAA,0,-3750,-6495,4589,1,0F2222!AFL2222,240,,250,10.0,1*4B
$PFLAA,0,-1302,-7386,3077,1,0F3333!AFL3333,260,,250,-10.0,1*62
$PFLAA,0,1302,-7386,744,1,0F4444!AFL4444,280,,250,-10.0,1*75
$PFLAA,0,3750,-6495,-1589,1,0F5555!AFL5555,300,,250,-10.0,1*66
$PFLAA,0,1399,7100,-1975,1,3BC7C8!T_3BC7C8,70,,283,0.0,1*5F
$PFLAU,6,1,0,1,0,79,2,-1975,7236,3BC7C8*1D
$FLYRF,01C2C8,1110,TEST001,3000,3000,0,0,0,55.955009,37.231659,9,1,0,0*5C
$PGRMZ,9843,f,1*2F
$PFLAA,0,-5745,-4821,2266,1,0F1111!AFL1111,220,,250,10.0,1*4E
$PFLAA,0,-3750,-6495,4600,1,0F2222!AFL2222,240,,250,10.0,1*49
$PFLAA,0,-1302,-7386,3067,1,0F3333!AFL3333,260,,250,-10.0,1*63
$PFLAA,0,1302,-7386,734,1,0F4444!AFL4444,280,,250,-10.0,1*72
$PFLAA,0,3750,-6495,-1600,1,0F5555!AFL5555,300,,250,-10.0,1*64
$PFLAA,0,1399,7100,-1975,1,3BC7C8!T_3BC7C8,70,,283,0.0,1*5F
$PFLAU,6,1,0,1,0,79,2,-1975,7236,3BC7C8*1D
$FLYRF,01C2C8,1110,TEST001,3000,3000,0,0,0,55.955009,37.231659,9,1,0,0*5C
$PGRMZ,9843,f,1*2F
$PFLAA,0,-6128,-5142,2276,1,0F1111!AFL1111,220,,250,10.0,1*4C
$PFLAA,0,-4000,-6928,4610,1,0F2222!AFL2222,240,,250,10.0,1*46
$PFLAA,0,-1389,-7879,3057,1,0F3333!AFL3333,260,,250,-10.0,1*68
$PFLAA,0,1389,-7878,724,1,0F4444!AFL4444,280,,250,-10.0,1*7A
$PFLAA,0,4000,-6928,-1610,1,0F5555!AFL5555,300,,250,-10.0,1*6B
$PFLAA,0,1535,7445,-2000,1,3BC7C8!T_3BC7C8,70,,283,0.0,1*53
$PFLAU,6,1,0,1,0,78,2,-2000,7601,3BC7C8*14
$FLYRF,01C2C8,1110,TEST001,3000,3000,0,0,0,55.955009,37.231659,9,1,0,0*5C
$PGRMZ,9843,f,1*2F
$PFLAA,0,-6128,-5142,2287,1,0F1111!AFL1111,220,,250,10.0,1*42
$PFLAA,0,-4000,-6928,4620,1,0F2222!AFL2222,240,,250,10.0,1*45
$PFLAA,0,-1389,-7879,3047,1,0F3333!AFL3333,260,,250,-10.0,1*69
$PFLAA,0,1389,-7878,713,1,0F4444!AFL4444,280,,250,-10.0,1*7E
$PFLAA,0,4000,-6928,-1620,1,0F5555!AFL5555,300,,250,-10.0,1*68
$PFLAA,0,1535,7445,-2000,1,3BC7C8!T_3BC7C8,70,,283,0.0,1*53
$PFLAU,6,1,0,1,0,78,2,-2000,7601,3BC7C8*14
$FLYRF,01C2C8,1110,TEST001,3000,3000,0,0,0,55.955009,37.231659,9,1,0,0*5C
$PGRMZ,9843,f,1*2F
$PFLAA,0,-6511,-5464,2297,1,0F1111!AFL1111,220,,250,10.0,1*4C
$PFLAA,0,-4250,-7361,4630,1,0F2222!AFL2222,240,,250,10.0,1*45
$PFLAA,0,-1476,-8371,3037,1,0F3333!AFL3333,260,,250,-10.0,1*65
$PFLAA,0,1476,-8371,703,1,0F4444!AFL4444,280,,250,-10.0,1*75
$PFLAA,0,4250,-7361,-1630,1,0F5555!AFL5555,300,,250,-10.0,1*68
$PFLAA,0,1671,7791,-2025,1,3BC7C8!T_3BC7C8,70,,283,0.0,1*5D
$PFLAU,6,1,0,1,0,78,2,-2025,7968,3BC7C8*13
$FLYRF,01C2C8,1110,TEST001,3000,3000,0,0,0,55.955009,37.231659,9,1,0,0*5C
$PGRMZ,9843,f,1*2F
$PFLAA,0,-6511,-5464,2307,1,0F1111!AFL1111,220,,250,10.0,1*44
$PFLAA,0,-4250,-7361,4641,1,0F2222!AFL2222,240,,250,10.0,1*43
$PFLAA,0,-1476,-8371,3026,1,0F3333!AFL3333,260,,250,-10.0,1*65
$PFLAA,0,1476,-8371,693,1,0F4444!AFL4444,280,,250,-10.0,1*7D
$PFLAA,0,4250,-7361,-1641,1,0F5555!AFL5555,300,,250,-10.0,1*6E
$PFLAA,0,1671,7791,-2025,1,3BC7C8!T_3BC7C8,70,,283,0.0,1*5D
$PFLAU,6,1,0,1,0,78,2,-2025,7968,3BC7C8*13
$FLYRF,01C2C8,1110,TEST001,3000,3000,0,0,0,55.955009,37.231659,9,1,0,0*5C
$PGRMZ,9843,f,1*2F
$PFLAA,0,-6894,-5785,2317,1,0F1111!AFL1111,220,,250,10.0,1*49
$PFLAA,0,-4500,-7794,4651,1,0F2222!AFL2222,240,,250,10.0,1*4E
$PFLAA,0,-1563,-8863,3016,1,0F3333!AFL3333,260,,250,-10.0,1*6B
$PFLAA,0,1563,-8863,683,1,0F4444!AFL4444,280,,250,-10.0,1*71
$PFLAA,0,4500,-7794,-1651,1,0F5555!AFL5555,300,,250,-10.0,1*63
$PFLAA,0,1806,8138,-2050,1,3BC7C8!T_3BC7C8,70,,283,0.0,1*5B
$PFLAU,6,1,0,1,0,77,2,-2050,8336,3BC7C8*10
$FLYRF,01C2C8,1110,TEST001,3000,3000,0,0,0,55.955009,37.231659,9,1,0,0*5C
$PGRMZ,9843,f,1*2F
$PFLAA,0,-6894,-5785,2328,1,0F1111!AFL1111,220,,250,10.0,1*45
$PFLAA,0,-4500,-7794,4661,1,0F2222!AFL2222,240,,250,10.0,1*4D
$PFLAA,0,-1563,-8863,3006,1,0F3333!AFL3333,260,,250,-10.0,1*6A
$PFLAA,0,1563,-8863,672,1,0F4444!AFL4444,280,,250,-10.0,1*7F
$PFLAA,0,4500,-7794,-1661,1,0F5555!AFL5555,300,,250,-10.0,1*60
$PFLAA,0,1806,8138,-2050,1,3BC7C8!T_3BC7C8,70,,283,0.0,1*5B
$PFLAU,6,1,0,1,0,77,2,-2050,8336,3BC7C8*10
$FLYRF,01C2C8,1110,TEST001,3000,3000,0,0,0,55.955009,37.231659,9,1,0,0*5C
