$PGRMZ,9843,f,1*2F
$PFLAA,0,5221,17860,-2000,1,3BC7C8!T_3BC7C8,250,,283,0.0,1*5F
$PFLAU,1,1,0,1,0,74,2,-2000,18608,3BC7C8*28
$FLYRF,01C2C8,1110,TEST001,3000,3000,486,0,0,55.902454,36.975391,9,1,0,0*53
$PGRMZ,9843,f,1*2F
$PFLAA,0,4910,17045,-2025,1,3BC7C8!T_3BC7C8,250,,283,0.0,1*5F
$PFLAU,1,1,0,1,0,74,2,-2025,17738,3BC7C8*22
$FLYRF,01C2C8,1110,TEST001,3000,3000,486,0,0,55.904007,36.982918,9,1,0,0*54
$PGRMZ,9843,f,1*2F
$PFLAA,0,4910,17045,-2025,1,3BC7C8!T_3BC7C8,250,,283,0.0,1*5F
$PFLAU,1,1,0,1,0,74,2,-2025,17738,3BC7C8*22
$FLYRF,01C2C8,1110,TEST001,3000,3000,486,0,0,55.904007,36.982918,9,1,0,0*54
$PGRMZ,9843,f,1*2F
$PFLAA,0,4599,16232,-2050,1,3BC7C8!T_3BC7C8,250,,283,0.0,1*53
$PFLAU,1,1,0,1,0,74,2,-2050,16871,3BC7C8*23
$FLYRF,01C2C8,1110,TEST001,3000,3000,486,0,0,55.905560,36.990444,9,1,0,0*56
$PGRMZ,9843,f,1*2F
$PFLAA,0,4599,16232,-2050,1,3BC7C8!T_3BC7C8,250,,283,0.0,1*53
$PFLAU,1,1,0,1,0,74,2,-2050,16871,3BC7C8*23
$FLYRF,01C2C8,1110,TEST001,3000,3000,486,0,0,55.905560,36.990444,9,1,0,0*56
$PGRMZ,9843,f,1*2F
$PFLAA,0,4289,15416,-2075,1,3BC7C8!T_3BC7C8,250,,283,0.0,1*51
$PFLAU,1,1,0,1,0,74,2,-2075,16002,3BC7C8*28
$FLYRF,01C2C8,1110,TEST001,3000,3000,486,0,0,55.907112,36.997974,9,1,0,0*5C
$PGRMZ,9843,f,1*2F
$PFLAA,0,4153,15070,-2100,1,3BC7C8!T_3BC7C8,250,,283,0.0,1*52
$PFLAU,1,1,0,1,0,75,2,-2100,15632,3BC7C8*2C
$FLYRF,01C2C8,1110,TEST001,3000,3000,486,0,0,55.907112,36.997974,9,1,0,0*5C
$PGRMZ,9843,f,1*2F
$PFLAA,0,3979,14601,-2100,1,3BC7C8!T_3BC7C8,250,,283,0.0,1*54
$PFLAU,1,1,0,1,0,75,2,-2100,15133,3BC7C8*2A
$FLYRF,01C2C8,1110,TEST001,3000,3000,486,0,0,55.908665,37.005505,9,1,0,0*5D
$PGRMZ,9843,f,1*2F
$PFLAA,0,3979,14601,-2100,1,3BC7C8!T_3BC7C8,250,,283,0.0,1*54
$PFLAU,1,1,0,1,0,75,2,-2100,15133,3BC7C8*2A
$FLYRF,01C2C8,1110,TEST001,3000,3000,486,0,0,55.908665,37.005505,9,1,0,0*5D
$PGRMZ,9843,f,1*2F
$PFLAA,0,3804,14132,-2100,1,3BC7C8!T_3BC7C8,250,,283,0.0,1*58
$PFLAU,1,1,0,1,0,75,2,-2100,14635,3BC7C8*2A
$FLYRF,01C2C8,1110,TEST001,3000,3000,486,0,0,55.910217,37.013035,9,1,0,0*54
$PGRMZ,9843,f,1*2F
$PFLAA,0,3668,13785,-2125,1,3BC7C8!T_3BC7C8,250,,283,0.0,1*56
$PFLAU,1,1,0,1,0,75,2,-2125,14265,3BC7C8*2C
$FLYRF,01C2C8,1110,TEST001,3000,3000,486,0,0,55.910217,37.013035,9,1,0,0*54
$PGRMZ,9843,f,1*2F
$PFLAA,0,3358,12971,-2150,1,3BC7C8!T_3BC7C8,250,,283,0.0,1*56
$PFLAU,1,1,0,1,0,75,2,-2150,13399,3BC7C8*2B
$FLYRF,01C2C8,1110,TEST001,3000,3000,486,0,0,55.911766,37.020565,9,1,0,0*56
$PGRMZ,9843,f,1*2F
$PFLAA,0,3358,12971,-2150,1,3BC7C8!T_3BC7C8,250,,283,0.0,1*56
$PFLAU,1,1,0,1,0,75,2,-2150,13399,3BC7C8*2B
$FLYRF,01C2C8,1110,TEST001,3000,3000,486,0,0,55.911766,37.020565,9,1,0,0*56
$PGRMZ,9843,f,1*2F
$PFLAA,0,3048,12156,-2150,1,3BC7C8!T_3BC7C8,250,,283,0.0,1*59
$PFLAU,1,1,0,1,0,76,2,-2150,12532,3BC7C8*2E
$FLYRF,01C2C8,1110,TEST001,3000,3000,486,0,0,55.913319,37.028095,9,1,0,0*5A
$PGRMZ,9843,f,1*2F
$PFLAA,0,3048,12156,-2150,1,3BC7C8!T_3BC7C8,250,,283,0.0,1*59
$PFLAU,1,1,0,1,0,76,2,-2150,12532,3BC7C8*2E
$FLYRF,01C2C8,1110,TEST001,3000,3000,486,0,0,55.913319,37.028095,9,1,0,0*5A
$PGRMZ,9843,f,1*2F
$PFLAA,0,2875,11687,-2150,1,3BC7C8!T_3BC7C8,250,,283,0.0,1*56
$PFLAU,1,1,0,1,0,76,2,-2150,12035,3BC7C8*2C
$FLYRF,01C2C8,1110,TEST001,3000,3000,486,0,0,55.914867,37.035625,9,1,0,0*5E