Hex , Squawk, Flight, alt , pres alt, speed, course, vert_rate, lat , lon , air_type
-------------------------------------------------------------------------------------
151DC9,2106, AFL1592 ,3175, 3175,  531,  114, 2496,   0.000000,   0.000000, 9
201|29|21|0|50|49|48|54|0|65|70|76|49|53|57|50|32|0|103|12|0|0|19|2|0|0|114|0|0|0|192|9|0|0|0|0|0|0|0|0|0|0|0|0|0|0|0|0|0|0|2|0|0|0|255|255|255| ** 57

Hex , Squawk, Flight, alt , pres alt, speed, course, vert_rate, lat , lon , air_type
-------------------------------------------------------------------------------------
151DC9,2106, AFL1592 ,3175, 3175,  531,  114, 2496,   0.000000,   0.000000, 9
201|29|21|0|50|49|48|54|0|65|70|76|49|53|57|50|32|0|103|12|0|0|19|2|0|0|114|0|0|0|192|9|0|0|0|0|0|0|0|0|0|0|0|0|0|0|0|0|0|0|2|0|0|0|255|255|255| ** 57

Hex , Squawk, Flight, alt , pres alt, speed, course, vert_rate, lat , lon , air_type
-------------------------------------------------------------------------------------
151DC9,2106, AFL1592 ,3175, 3175,  531,  114, 2496,   0.000000,   0.000000, 9
201|29|21|0|50|49|48|54|0|65|70|76|49|53|57|50|32|0|103|12|0|0|19|2|0|0|114|0|0|0|192|9|0|0|0|0|0|0|0|0|0|0|0|0|0|0|0|0|0|0|2|0|0|0|255|255|255| ** 57

Hex , Squawk, Flight, alt , pres alt, speed, course, vert_rate, lat , lon , air_type
-------------------------------------------------------------------------------------
151DC9,2106, AFL1592 ,3175, 3175,  531,  114, 2496,   0.000000,   0.000000, 9
201|29|21|0|50|49|48|54|0|65|70|76|49|53|57|50|32|0|103|12|0|0|19|2|0|0|114|0|0|0|192|9|0|0|0|0|0|0|0|0|0|0|0|0|0|0|0|0|0|0|3|0|0|0|255|255|255| ** 57

Hex , Squawk, Flight, alt , pres alt, speed, course, vert_rate, lat , lon , air_type
-------------------------------------------------------------------------------------
151DC9,2106, AFL1592 ,3175, 3175,  531,  114, 2496,   0.000000,   0.000000, 9
201|29|21|0|50|49|48|54|0|65|70|76|49|53|57|50|32|0|103|12|0|0|19|2|0|0|114|0|0|0|192|9|0|0|0|0|0|0|0|0|0|0|0|0|0|0|0|0|0|0|3|0|0|0|255|255|255| ** 57

Hex , Squawk, Flight, alt , pres alt, speed, course, vert_rate, lat , lon , air_type
-------------------------------------------------------------------------------------
151DC9,2106, AFL1592 ,3175, 3175,  531,  114, 2496,   0.000000,   0.000000, 9
201|29|21|0|50|49|48|54|0|65|70|76|49|53|57|50|32|0|103|12|0|0|19|2|0|0|114|0|0|0|192|9|0|0|0|0|0|0|0|0|0|0|0|0|0|0|0|0|0|0|3|0|0|0|255|255|255| ** 57

Hex , Squawk, Flight, alt , pres alt, speed, course, vert_rate, lat , lon , air_type
-------------------------------------------------------------------------------------
151DC9,2106, AFL1592 ,3175, 3175,  531,  114, 2496,   0.000000,   0.000000, 9
201|29|21|0|50|49|48|54|0|65|70|76|49|53|57|50|32|0|103|12|0|0|19|2|0|0|114|0|0|0|192|9|0|0|0|0|0|0|0|0|0|0|0|0|0|0|0|0|0|0|4|0|0|0|255|255|255| ** 57

Hex , Squawk, Flight, alt , pres alt, speed, course, vert_rate, lat , lon , air_type
-------------------------------------------------------------------------------------
151DC9,2106, AFL1592 ,3175, 3175,  531,  114, 2496,   0.000000,   0.000000, 9
201|29|21|0|50|49|48|54|0|65|70|76|49|53|57|50|32|0|103|12|0|0|19|2|0|0|114|0|0|0|192|9|0|0|0|0|0|0|0|0|0|0|0|0|0|0|0|0|0|0|4|0|0|0|255|255|255| ** 57

Hex , Squawk, Flight, alt , pres alt, speed, course, vert_rate, lat , lon , air_type
-------------------------------------------------------------------------------------
151DC9,2106, AFL1592 ,3175, 3175,  531,  114, 2496,   0.000000,   0.000000, 9
201|29|21|0|50|49|48|54|0|65|70|76|49|53|57|50|32|0|103|12|0|0|19|2|0|0|114|0|0|0|192|9|0|0|0|0|0|0|0|0|0|0|0|0|0|0|0|0|0|0|4|0|0|0|255|255|255| ** 57

Hex , Squawk, Flight, alt , pres alt, speed, course, vert_rate, lat , lon , air_type
-------------------------------------------------------------------------------------
151DC9,2106, AFL1592 ,3175, 3175,  531,  114, 2496,   0.000000,   0.000000, 9
201|29|21|0|50|49|48|54|0|65|70|76|49|53|57|50|32|0|103|12|0|0|19|2|0|0|114|0|0|0|192|9|0|0|0|0|0|0|0|0|0|0|0|0|0|0|0|0|0|0|4|0|0|0|255|255|255| ** 57

Hex , Squawk, Flight, alt , pres alt, speed, course, vert_rate, lat , lon , air_type
-------------------------------------------------------------------------------------
151DC9,2106, AFL1592 ,3175, 3175,  531,  114, 2496,   0.000000,   0.000000, 9
201|29|21|0|50|49|48|54|0|65|70|76|49|53|57|50|32|0|103|12|0|0|19|2|0|0|114|0|0|0|192|9|0|0|0|0|0|0|0|0|0|0|0|0|0|0|0|0|0|0|5|0|0|0|255|255|255| ** 57

Hex , Squawk, Flight, alt , pres alt, speed, course, vert_rate, lat , lon , air_type
-------------------------------------------------------------------------------------
151DC9,2106, AFL1592 ,3175, 3175,  531,  114, 2496,   0.000000,   0.000000, 9
201|29|21|0|50|49|48|54|0|65|70|76|49|53|57|50|32|0|103|12|0|0|19|2|0|0|114|0|0|0|192|9|0|0|0|0|0|0|0|0|0|0|0|0|0|0|0|0|0|0|5|0|0|0|255|255|255| ** 57

Hex , Squawk, Flight, alt , pres alt, speed, course, vert_rate, lat , lon , air_type
-------------------------------------------------------------------------------------
151DC9,2106, AFL1592 ,3175, 3175,  531,  114, 2496,   0.000000,   0.000000, 9
201|29|21|0|50|49|48|54|0|65|70|76|49|53|57|50|32|0|103|12|0|0|19|2|0|0|114|0|0|0|192|9|0|0|0|0|0|0|0|0|0|0|0|0|0|0|0|0|0|0|5|0|0|0|255|255|255| ** 57

Hex , Squawk, Flight, alt , pres alt, speed, course, vert_rate, lat , lon , air_type
-------------------------------------------------------------------------------------
151DC9,2106, AFL1592 ,3175, 3175,  531,  114, 2496,   0.000000,   0.000000, 9
201|29|21|0|50|49|48|54|0|65|70|76|49|53|57|50|32|0|103|12|0|0|19|2|0|0|114|0|0|0|192|9|0|0|0|0|0|0|0|0|0|0|0|0|0|0|0|0|0|0|5|0|0|0|255|255|255| ** 57

Hex , Squawk, Flight, alt , pres alt, speed, course, vert_rate, lat , lon , air_type
-------------------------------------------------------------------------------------
151DC9,2106, AFL1592 ,3175, 3175,  531,  114, 2496,   0.000000,   0.000000, 9
201|29|21|0|50|49|48|54|0|65|70|76|49|53|57|50|32|0|103|12|0|0|19|2|0|0|114|0|0|0|192|9|0|0|0|0|0|0|0|0|0|0|0|0|0|0|0|0|0|0|6|0|0|0|255|255|255| ** 57

Hex , Squawk, Flight, alt , pres alt, speed, course, vert_rate, lat , lon , air_type
-------------------------------------------------------------------------------------
151DC9,2106, AFL1592 ,3175, 3175,  531,  114, 2496,   0.000000,   0.000000, 9
201|29|21|0|50|49|48|54|0|65|70|76|49|53|57|50|32|0|103|12|0|0|19|2|0|0|114|0|0|0|192|9|0|0|0|0|0|0|0|0|0|0|0|0|0|0|0|0|0|0|6|0|0|0|255|255|255| ** 57

Hex , Squawk, Flight, alt , pres alt, speed, course, vert_rate, lat , lon , air_type
-------------------------------------------------------------------------------------
151DC9,2106, AFL1592 ,3175, 3175,  531,  114, 2496,   0.000000,   0.000000, 9
201|29|21|0|50|49|48|54|0|65|70|76|49|53|57|50|32|0|103|12|0|0|19|2|0|0|114|0|0|0|192|9|0|0|0|0|0|0|0|0|0|0|0|0|0|0|0|0|0|0|6|0|0|0|255|255|255| ** 57

Hex , Squawk, Flight, alt , pres alt, speed, course, vert_rate, lat , lon , air_type
-------------------------------------------------------------------------------------
151DC9,2106, AFL1592 ,3175, 3175,  531,  114, 2496,   0.000000,   0.000000, 9
201|29|21|0|50|49|48|54|0|65|70|76|49|53|57|50|32|0|103|12|0|0|19|2|0|0|114|0|0|0|192|9|0|0|0|0|0|0|0|0|0|0|0|0|0|0|0|0|0|0|6|0|0|0|255|255|255| ** 57

Hex , Squawk, Flight, alt , pres alt, speed, course, vert_rate, lat , lon , air_type
-------------------------------------------------------------------------------------
151DC9,2106, AFL1592 ,3175, 3175,  531,  114, 2496,   0.000000,   0.000000, 9
201|29|21|0|50|49|48|54|0|65|70|76|49|53|57|50|32|0|103|12|0|0|19|2|0|0|114|0|0|0|192|9|0|0|0|0|0|0|0|0|0|0|0|0|0|0|0|0|0|0|7|0|0|0|255|255|255| ** 57

Hex , Squawk, Flight, alt , pres alt, speed, course, vert_rate, lat , lon , air_type
-------------------------------------------------------------------------------------
151DC9,2106, AFL1592 ,3175, 3175,  531,  114, 2496,   0.000000,   0.000000, 9
201|29|21|0|50|49|48|54|0|65|70|76|49|53|57|50|32|0|103|12|0|0|19|2|0|0|114|0|0|0|192|9|0|0|0|0|0|0|0|0|0|0|0|0|0|0|0|0|0|0|7|0|0|0|255|255|255| ** 57

Hex , Squawk, Flight, alt , pres alt, speed, course, vert_rate, lat , lon , air_type
-------------------------------------------------------------------------------------
151DC9,2106, AFL1592 ,3175, 3175,  531,  114, 2496,   0.000000,   0.000000, 9
